0
0
8
18
0
1
8
18
0
2
8
18
0
3
0
0
18
0
4
0
0
18
0
4
19
0
1000000
7
21
227
0
0
20
a
0
4
19
9
0
0
20
b
0
4
19
0
0
20
a
10
4
9
0
0
20
c
0
4
19
0
0
20
a
10
0
0
20
b
10
4
4
9
0
1
20
a
0
4
19
9
0
1
20
b
0
4
19
0
1
20
a
10
4
9
0
1
20
c
0
4
19
0
1
20
a
10
0
1
20
b
10
4
4
9
0
2
20
a
0
4
19
9
0
2
20
b
0
4
19
0
2
20
a
10
4
9
0
2
20
c
0
4
19
0
2
20
a
10
0
2
20
b
10
4
4
9
0
3
0
3
19
0
0
20
a
10
0
0
20
b
10
0
0
20
c
10
0
1
20
a
10
0
1
20
b
10
0
1
20
c
10
0
2
20
a
10
0
2
20
b
10
0
2
20
c
10
4
4
4
4
4
4
4
4
4
18
0
4
0
4
19
0
1
4
18
13
22
0
3
19
17
